=== 1d ===
 rank cell                   group       DA%  DA_skill%   Sharpe       IC  DA%_gated  Sharpe_gated  IC_gated  gate_coverage
    1   17  4 — Output formulation 46.346555  -4.120000 0.512816 0.049928  56.413200      0.858077  0.126143       0.259726
    2    4 1 — Component knockouts 46.642310  -3.830000 0.346314 0.046984  56.155719      0.799883  0.113617       0.302054
    3   18        5 — Learned gate 46.085595  -4.386667 0.368346 0.037382  55.425450      0.799299  0.107522       0.274199
    4   8p           2 — News side 46.694502  -3.776667 0.313428 0.024016  55.205179      0.605764  0.111672       0.255680
    5   13          3 — Gate sweep 46.120390  -4.350000 0.408652 0.037819  55.083141      0.875918  0.148396       0.284002
    6    9           2 — News side 47.825331  -2.646667 0.323613 0.037150  54.626424      0.540020  0.075570       0.288827
    7   11          3 — Gate sweep 46.520529  -3.946667 0.264013 0.025044  54.468002      0.657588  0.103049       0.269063
    8    0           0 — Reference 45.859429  -4.613333 0.423457 0.026193  54.447380      0.445282  0.084671       0.275444
    9    8           2 — News side 46.120390  -4.346667 0.622890 0.031001  54.295993      0.662603  0.086500       0.241674
   10  18p        5 — Learned gate 48.155880  -2.316667 0.608052 0.021502  54.096519      0.610545  0.082204       0.247432
   11    2 1 — Component knockouts 47.355602  -3.113333 0.731940 0.032611  53.678398      0.526816  0.086306       0.258948
   12   12          3 — Gate sweep 46.433542  -4.036667 0.694961 0.036522  53.599297      0.713367  0.110472       0.299253
   13    3 1 — Component knockouts 47.720946  -2.750000 0.729401 0.038291  53.489019      0.422688  0.092694       0.284002
   14   0p           0 — Reference 46.503132  -3.966667 0.581388 0.032172  53.251465      0.545450  0.083565       0.259259
   15    7 1 — Component knockouts 46.381350  -4.090000 0.538199 0.018855  53.047175      0.454675  0.072242       0.263150
   16    1 1 — Component knockouts 46.050800  -4.420000 0.236454 0.023408  53.029053      0.485205  0.072753       0.264395
   17    5 1 — Component knockouts 47.146834  -3.323333 0.621761 0.038093  52.656904      0.332110  0.030615       0.213352
   18    6 1 — Component knockouts 45.807237  -4.663333 0.273676 0.034261  52.627329      0.545582  0.070417       0.356987
   19   15  4 — Output formulation 45.111343  -5.360000 0.257834 0.022730  52.597154      0.539866  0.021256       0.351385
   20   10          3 — Gate sweep 46.537926  -3.930000 0.516536 0.018261  52.438416      0.403512  0.039061       0.305167
   21   16  4 — Output formulation 45.128740  -5.340000 0.142010 0.006416  50.966395      0.362369  0.032438       0.219265
   22   14  4 — Output formulation 46.329158  -4.140000 0.632641 0.027748  50.326583      0.346933  0.036914       0.270619

=== 5d ===
 rank cell                   group       DA%  DA_skill%    Sharpe        IC  DA%_gated  Sharpe_gated  IC_gated  gate_coverage
    1   13          3 — Gate sweep 48.721989  -5.060000  0.361226  0.101222  57.502545      0.396511  0.153306       0.314096
    2    3 1 — Component knockouts 46.446078  -7.330000  0.098738  0.077501  56.672665      0.405855  0.187673       0.296752
    3    1 1 — Component knockouts 45.675770  -8.106667  0.105957  0.076587  56.205392      0.394394  0.167740       0.366131
    4   12          3 — Gate sweep 48.634454  -5.143333  0.444193  0.055960  55.956903      0.527455  0.096626       0.237780
    5    6 1 — Component knockouts 46.165966  -7.613333 -0.011634  0.019268  55.783773      0.350308  0.098576       0.271839
    6   10          3 — Gate sweep 46.813725  -6.966667  0.142675  0.070209  55.720158      0.342781  0.131083       0.347840
    7    9           2 — News side 46.831232  -6.946667  0.148945  0.063124  54.872903      0.275094  0.134222       0.346578
    8    5 1 — Component knockouts 44.940476  -8.836667 -0.108752  0.052979  54.711513      0.380535  0.169639       0.339798
    9    2 1 — Component knockouts 47.654062  -6.126667  0.086102  0.034368  53.656515      0.121230  0.070655       0.253232
   10    0           0 — Reference 44.257703  -9.523333 -0.226636  0.009733  53.156895      0.233470  0.091823       0.287606
   11    4 1 — Component knockouts 44.257703  -9.523333 -0.226636  0.009733  53.156895      0.233470  0.091823       0.287606
   12   18        5 — Learned gate 44.135154  -9.643333 -0.333589 -0.007650  51.987940      0.216917  0.057676       0.261589
   13   14  4 — Output formulation 44.677871  -9.103333 -0.256340  0.023168  51.628457     -0.069963  0.084758       0.335068
   14    8           2 — News side 45.745798  -8.033333  0.142485  0.048967  51.469157      0.210072  0.117128       0.327657
   15   11          3 — Gate sweep 44.310224  -9.470000 -0.223865  0.007242  51.391595      0.309468  0.109295       0.305266
   16   0p           0 — Reference 48.476891  -5.303333  0.489482 -0.018600  51.337559      0.230196  0.056585       0.232734
   17   16  4 — Output formulation 45.028011  -8.753333 -0.174491 -0.018714  50.490880     -0.265149 -0.034202       0.279880
   18   15  4 — Output formulation 44.292717  -9.486667 -0.465483  0.001236  50.052837     -0.223375  0.063758       0.339956
   19    7 1 — Component knockouts 44.817927  -8.963333 -0.036167  0.024764  49.969419     -0.130788  0.000063       0.366761
   20  18p        5 — Learned gate 46.095938  -7.686667  0.198158 -0.032238  49.547787      0.147116  0.027832       0.214601
   21   17  4 — Output formulation 43.662465 -10.116667 -0.420596  0.004433  47.897097     -0.246190  0.048714       0.408862
   22   8p           2 — News side 46.411064  -7.370000  0.154538 -0.038181  46.429209     -0.225217 -0.100880       0.215547

=== 20d ===
 rank cell                   group       DA%  DA_skill%   Sharpe       IC  DA%_gated  Sharpe_gated  IC_gated  gate_coverage
    1   14  4 — Output formulation 59.823400   1.980000 1.149161 0.352165  85.253054      1.060548  0.236918       0.237929
    2   13          3 — Gate sweep 56.861663  -0.980000 0.816857 0.348333  83.697616      0.990573  0.302415       0.245396
    3   11          3 — Gate sweep 56.512141  -1.330000 1.030850 0.363276  83.284214      1.145539  0.352549       0.287208
    4    3 1 — Component knockouts 57.064018  -0.773333 1.092443 0.350693  82.859848      1.148854  0.386038       0.275427
    5   10          3 — Gate sweep 54.506990  -3.333333 0.767907 0.282372  81.320479      1.036042  0.266684       0.251037
    6   17  4 — Output formulation 53.918322  -3.920000 0.869872 0.289557  80.851698      0.970179  0.426053       0.222665
    7   16  4 — Output formulation 54.506990  -3.333333 0.866859 0.308821  80.514603      1.034567  0.362102       0.259665
    8    4 1 — Component knockouts 56.696100  -1.143333 0.929767 0.335817  80.499577      1.041500  0.322186       0.283225
    9    0           0 — Reference 54.120677  -3.720000 0.772080 0.281347  80.059524      1.024722  0.264111       0.297661
   10    6 1 — Component knockouts 51.894776  -5.943333 0.597082 0.255370  79.843583      1.082162  0.252989       0.300813
   11    5 1 — Component knockouts 56.438558  -1.400000 1.000666 0.306010  78.680065      1.052626  0.341514       0.293015
   12   15  4 — Output formulation 55.739514  -2.103333 0.893198 0.292216  78.596168      1.024775  0.343531       0.256015
   13    8           2 — News side 53.899926  -3.943333 0.749342 0.236521  75.349366      0.903574  0.328231       0.241745
   14    9           2 — News side 53.072112  -4.770000 0.633644 0.212902  75.261238      0.912443  0.393907       0.251701
   15   12          3 — Gate sweep 54.231052  -3.610000 0.741700 0.232082  74.982545      0.806413  0.316174       0.213041
   16   18        5 — Learned gate 54.010302  -3.830000 0.658845 0.240075  74.826120      0.891681  0.398666       0.278580
   17    1 1 — Component knockouts 53.715968  -4.123333 0.707944 0.256155  73.515183      0.819986  0.408885       0.237100
   18   8p           2 — News side 59.124356   1.283333 0.935593 0.234784  73.072802      0.873329  0.259340       0.285217
   19    7 1 — Component knockouts 50.827815  -7.013333 0.603463 0.201269  72.695733      0.819860  0.280658       0.265140
   20  18p        5 — Learned gate 56.033848  -1.810000 0.860862 0.156829  66.417670      0.717137  0.255593       0.293844
   21   0p           0 — Reference 55.941869  -1.896667 0.841475 0.184903  66.099150      0.721039  0.096811       0.289530
   22    2 1 — Component knockouts 51.692421  -6.146667 0.395582 0.144928  62.529714      0.506419  0.252248       0.293513

